
*| 000081 |         2 |
| 000081 | AI Artmage |      0 |      1 |
| 000514 | AI Artmage |      0 |      1 |

*| 000136 |         2 |
| 000136 | AtagoAdore |      0 |      1 |
| 000513 | AtagoAdore |      0 |      1 |

*| 000032 |         2 |
| 000032 | Dusk |      0 |      1 |
| 000517 | Dusk |      0 |      1 |

*| 000083 |         2 |
| 000083 | HAL-sexyグラドル部      |      0 |      1 |
| 000518 | HAL-sexyグラドル部      |      0 |      1 |

*| 000458 |         2 |
| 000458 | k-007 |      0 |      1 |
| 000512 | k-007 |      0 |      1 |

*| 000152 |         2 |
| 000152 | MaoMao |      0 |      1 |
| 000519 | MaoMao |      0 |      1 |

*| 000146 |         2 |
| 000146 | RunningMJ |      0 |      1 |
| 000520 | RunningMJ |      0 |      1 |

*| 000031 |         2 |
| 000031 | 龍   |      0 |      1 |
| 000515 | 龍   |      0 |      1 |

